-0.578539,-0.168009,0.230475,0.616723,0.990546,1.35176,1.70017,2.03559,2.35787,2.66683,2.96229,-3.0391,-2.77112,-2.51712,-2.27724,-2.05163,-1.84041,-1.64372,-1.46168,-1.2944,-1.14198,-1.00453,-0.882125,-0.774846,-0.682763,-0.605937,-0.544416,-0.498241,-0.467488,-0.452081,-0.452081,-0.467488,-0.498241,-0.544416,-0.605937,-0.682763,-0.774846,-0.882125,-1.00453,-1.14198,-1.2944,-1.46168,-1.64372,-1.84041,-2.05163,-2.27724,-2.51712,-2.77112,-3.0391,2.96229,2.66683,2.35787,2.03559,1.70017,1.35176,0.990546,0.616723,0.230475,-0.168009,-0.578539,
0.175979,0.590525,0.992951,1.38306,1.76066,2.12555,2.47756,2.81646,-3.14106,-2.82883,-2.53022,-2.24539,-1.97451,-1.71773,-1.47521,-1.2471,-1.03353,-0.834638,-0.650546,-0.481372,-0.327223,-0.188199,-0.0643895,0.0441232,0.137268,0.214983,0.277217,0.323927,0.355038,0.370624,0.370624,0.355038,0.323927,0.277217,0.214983,0.137268,0.0441232,-0.0643895,-0.188199,-0.327223,-0.481372,-0.650546,-0.834638,-1.03353,-1.2471,-1.47521,-1.71773,-1.97451,-2.24539,-2.53022,-2.82883,-3.14106,2.81646,2.47756,2.12555,1.76066,1.38306,0.992951,0.590525,0.175979,
0.923598,1.3422,1.74861,2.14263,2.52404,2.89267,-3.03488,-2.69245,-2.36336,-2.04782,-1.74601,-1.45811,-1.18428,-0.924692,-0.679498,-0.448851,-0.232895,-0.031766,0.154407,0.325504,0.481414,0.622032,0.747266,0.857032,0.951256,1.02987,1.09283,1.14009,1.17161,1.18733,1.18733,1.17161,1.14009,1.09283,1.02987,0.951256,0.857032,0.747266,0.622032,0.481414,0.325504,0.154407,-0.031766,-0.232895,-0.448851,-0.679498,-0.924692,-1.18428,-1.45811,-1.74601,-2.04782,-2.36336,-2.69245,-3.03488,2.89267,2.52404,2.14263,1.74861,1.3422,0.923598,
1.66411,2.08682,2.49726,2.89521,-3.00269,-2.6303,-2.27099,-1.92496,-1.59243,-1.27353,-0.96849,-0.677474,-0.400661,-0.13822,0.109686,0.342903,0.561281,0.764679,0.952965,1.12601,1.28371,1.42595,1.55263,1.66367,1.75899,1.83852,1.90221,1.95002,1.98191,1.99782,1.99782,1.98191,1.95002,1.90221,1.83852,1.75899,1.66367,1.55263,1.42595,1.28371,1.12601,0.952965,0.764679,0.561281,0.342903,0.109686,-0.13822,-0.400661,-0.677474,-0.96849,-1.27353,-1.59243,-1.92496,-2.27099,-2.6303,-3.00269,2.89521,2.49726,2.08682,1.66411,
2.39731,2.82416,-3.04452,-2.64258,-2.2534,-1.87719,-1.51417,-1.16452,-0.82848,-0.506193,-0.197873,0.0962955,0.376132,0.641463,0.892119,1.12794,1.34877,1.55447,1.7449,1.91993,2.07944,2.22332,2.35147,2.4638,2.56023,2.6407,2.70514,2.75351,2.78577,2.80187,2.80187,2.78577,2.75351,2.70514,2.6407,2.56023,2.4638,2.35147,2.22332,2.07944,1.91993,1.7449,1.55447,1.34877,1.12794,0.892119,0.641463,0.376132,0.0962955,-0.197873,-0.506193,-0.82848,-1.16452,-1.51417,-1.87719,-2.2534,-2.64258,-3.04452,2.82416,2.39731,
3.12298,-2.72918,-2.31058,-1.9046,-1.51148,-1.13142,-0.764639,-0.41134,-0.0717497,0.253972,0.565609,0.86297,1.14587,1.41413,1.66757,1.90603,2.12935,2.33739,2.52999,2.70703,2.86838,3.01392,-3.13962,-3.02598,-2.92842,-2.84701,-2.78181,-2.73287,-2.70022,-2.68394,-2.68394,-2.70022,-2.73287,-2.78181,-2.84701,-2.92842,-3.02598,-3.13962,3.01392,2.86838,2.70703,2.52999,2.33739,2.12935,1.90603,1.66757,1.41413,1.14587,0.86297,0.565609,0.253972,-0.0717497,-0.41134,-0.764639,-1.13142,-1.51148,-1.9046,-2.31058,-2.72918,3.12298,
-2.4423,-2.00706,-1.58431,-1.17428,-0.777172,-0.393222,-0.022642,0.334353,0.677531,1.00673,1.32172,1.62231,1.90831,2.17953,2.4358,2.67694,2.90278,3.11318,-2.9752,-2.79613,-2.63291,-2.48567,-2.35452,-2.23955,-2.14084,-2.05847,-1.9925,-1.94298,-1.90995,-1.89347,-1.89347,-1.90995,-1.94298,-1.9925,-2.05847,-2.14084,-2.23955,-2.35452,-2.48567,-2.63291,-2.79613,-2.9752,3.11318,2.90278,2.67694,2.4358,2.17953,1.90831,1.62231,1.32172,1.00673,0.677531,0.334353,-0.022642,-0.393222,-0.777172,-1.17428,-1.58431,-2.00706,-2.4423,
-1.73239,-1.2929,-0.865971,-0.451832,-0.0507088,0.337172,0.711586,1.07231,1.41914,1.75183,2.07022,2.37408,2.66321,2.93744,-3.08663,-2.84278,-2.61438,-2.40158,-2.20454,-2.02341,-1.8583,-1.70935,-1.57666,-1.46034,-1.36047,-1.27713,-1.21038,-1.16027,-1.12685,-1.11017,-1.11017,-1.12685,-1.16027,-1.21038,-1.27713,-1.36047,-1.46034,-1.57666,-1.70935,-1.8583,-2.02341,-2.20454,-2.40158,-2.61438,-2.84278,-3.08663,2.93744,2.66321,2.37408,2.07022,1.75183,1.41914,1.07231,0.711586,0.337172,-0.0507088,-0.451832,-0.865971,-1.2929,-1.73239,
-1.0307,-0.586932,-0.15579,0.262486,0.667664,1.05951,1.4378,1.8023,2.15279,2.48903,2.81084,3.11801,-2.87286,-2.59561,-2.33359,-2.087,-1.85601,-1.64079,-1.44149,-1.25826,-1.09124,-0.940546,-0.806304,-0.688612,-0.587562,-0.503234,-0.435692,-0.38499,-0.351168,-0.334294,-0.334294,-0.351168,-0.38499,-0.435692,-0.503234,-0.587562,-0.688612,-0.806304,-0.940546,-1.09124,-1.25826,-1.44149,-1.64079,-1.85601,-2.087,-2.33359,-2.59561,-2.87286,3.11801,2.81084,2.48903,2.15279,1.8023,1.4378,1.05951,0.667664,0.262486,-0.15579,-0.586932,-1.0307,
-0.337492,0.110594,0.54598,0.968427,1.37769,1.77354,2.15573,2.52404,2.87823,-3.06513,-2.73984,-2.42933,-2.13381,-1.85349,-1.58854,-1.33918,-1.10557,-0.88789,-0.6863,-0.500951,-0.331987,-0.179536,-0.0437176,0.0753609,0.177606,0.262935,0.33128,0.382586,0.416811,0.433887,0.433887,0.416811,0.382586,0.33128,0.262935,0.177606,0.0753609,-0.0437176,-0.179536,-0.331987,-0.500951,-0.6863,-0.88789,-1.10557,-1.33918,-1.58854,-1.85349,-2.13381,-2.42933,-2.73984,-3.06513,2.87823,2.52404,2.15573,1.77354,1.37769,0.968427,0.54598,0.110594,-0.337492,
0.346993,0.799422,1.23908,1.66573,2.07912,2.479,2.86514,-3.0459,-2.68798,-2.34453,-2.01574,-1.70186,-1.4031,-1.11966,-0.851765,-0.599592,-0.363334,-0.143166,0.0607432,0.248237,0.419168,0.573402,0.710816,0.8313,0.934755,1.0211,1.09026,1.14218,1.17681,1.19409,1.19409,1.17681,1.14218,1.09026,1.0211,0.934755,0.8313,0.710816,0.573402,0.419168,0.248237,0.0607432,-0.143166,-0.363334,-0.599592,-0.851765,-1.11966,-1.4031,-1.70186,-2.01574,-2.34453,-2.68798,-3.0459,2.86514,2.479,2.07912,1.66573,1.23908,0.799422,0.346993,
1.02249,1.47929,1.92326,2.35414,2.77167,-3.10756,-2.71746,-2.34144,-1.97975,-1.63262,-1.30032,-0.983031,-0.680993,-0.394424,-0.123534,0.131477,0.370415,0.593098,0.799353,0.989017,1.16194,1.31798,1.45701,1.57891,1.6836,1.77097,1.84095,1.89349,1.92853,1.94602,1.94602,1.92853,1.89349,1.84095,1.77097,1.6836,1.57891,1.45701,1.31798,1.16194,0.989017,0.799353,0.593098,0.370415,0.131477,-0.123534,-0.394424,-0.680993,-0.983031,-1.30032,-1.63262,-1.97975,-2.34144,-2.71746,-3.10756,2.77167,2.35414,1.92326,1.47929,1.02249,
1.68875,2.14994,2.59823,3.03337,-2.8281,-2.42006,-2.02595,-1.64603,-1.28054,-0.929733,-0.593866,-0.273136,0.0322089,0.321944,0.595855,0.853732,1.09538,1.3206,1.52923,1.72109,1.89602,2.05389,2.19456,2.3179,2.42382,2.51223,2.58305,2.63622,2.67168,2.68938,2.68938,2.67168,2.63622,2.58305,2.51223,2.42382,2.3179,2.19456,2.05389,1.89602,1.72109,1.52923,1.3206,1.09538,0.853732,0.595855,0.321944,0.0322089,-0.273136,-0.593866,-0.929733,-1.28054,-1.64603,-2.02595,-2.42006,-2.8281,3.03337,2.59823,2.14994,1.68875,
2.34548,2.81109,-3.01945,-2.58004,-2.15412,-1.74196,-1.34382,-0.95997,-0.590656,-0.236134,0.103328,0.427527,0.736207,1.02914,1.3061,1.56687,1.81125,2.03905,2.25007,2.44415,2.62112,2.78083,2.92315,3.04795,-3.12806,-3.0386,-2.96693,-2.91313,-2.87724,-2.85933,-2.85933,-2.87724,-2.91313,-2.96693,-3.0386,-3.12806,3.04795,2.92315,2.78083,2.62112,2.44415,2.25007,2.03905,1.81125,1.56687,1.3061,1.02914,0.736207,0.427527,0.103328,-0.236134,-0.590656,-0.95997,-1.34382,-1.74196,-2.15412,-2.58004,-3.01945,2.81109,2.34548,
2.99242,-2.82073,-2.36371,-1.92,-1.48986,-1.07355,-0.671366,-0.283557,0.0896085,0.447871,0.790954,1.11865,1.43069,1.72684,2.00688,2.27057,2.51772,2.7481,2.96155,-3.12532,-2.94629,-2.78472,-2.64072,-2.51445,-2.406,-2.31548,-2.24296,-2.18852,-2.1522,-2.13407,-2.13407,-2.1522,-2.18852,-2.24296,-2.31548,-2.406,-2.51445,-2.64072,-2.78472,-2.94629,-3.12532,2.96155,2.7481,2.51772,2.27057,2.00688,1.72684,1.43069,1.11865,0.790954,0.447871,0.0896085,-0.283557,-0.671366,-1.07355,-1.48986,-1.92,-2.36371,-2.82073,2.99242,
-2.65391,-2.17943,-1.71803,-1.27,-0.835608,-0.415146,-0.00888386,0.382903,0.759943,1.12197,1.46872,1.79991,2.11534,2.41474,2.69788,2.96452,-3.06874,-2.83573,-2.61985,-2.42127,-2.24017,-2.0767,-1.93102,-1.80326,-1.69353,-1.60193,-1.52856,-1.47346,-1.43671,-1.41836,-1.41836,-1.43671,-1.47346,-1.52856,-1.60193,-1.69353,-1.80326,-1.93102,-2.0767,-2.24017,-2.42127,-2.61985,-2.83573,-3.06874,2.96452,2.69788,2.41474,2.11534,1.79991,1.46872,1.12197,0.759943,0.382903,-0.00888386,-0.415146,-0.835608,-1.27,-1.71803,-2.17943,-2.65391,
-2.02743,-1.54849,-1.08269,-0.630329,-0.191683,0.232958,0.643311,1.03909,1.42003,1.78584,2.13626,2.47099,2.78983,3.09251,-2.90442,-2.63481,-2.38208,-2.14644,-1.92809,-1.72723,-1.54403,-1.37867,-1.23128,-1.10202,-0.990994,-0.898312,-0.824062,-0.768313,-0.73112,-0.712558,-0.712558,-0.73112,-0.768313,-0.824062,-0.898312,-0.990994,-1.10202,-1.23128,-1.37867,-1.54403,-1.72723,-1.92809,-2.14644,-2.38208,-2.63481,-2.90442,3.09251,2.78983,2.47099,2.13626,1.78584,1.42003,1.03909,0.643311,0.232958,-0.191683,-0.630329,-1.08269,-1.54849,-2.02743,
-1.41162,-0.928215,-0.458013,-0.0013078,0.441608,0.87044,1.2849,1.68469,2.06954,2.43915,2.79326,3.13156,-2.82936,-2.5234,-2.234,-1.9614,-1.70584,-1.46754,-1.24671,-1.04355,-0.858242,-0.690959,-0.541858,-0.41108,-0.298748,-0.204973,-0.129843,-0.0734327,-0.0357972,-0.017014,-0.017014,-0.0357972,-0.0734327,-0.129843,-0.204973,-0.298748,-0.41108,-0.541858,-0.690959,-0.858242,-1.04355,-1.24671,-1.46754,-1.70584,-1.9614,-2.234,-2.5234,-2.82936,3.13156,2.79326,2.43915,2.06954,1.68469,1.2849,0.87044,0.441608,-0.0013078,-0.458013,-0.928215,-1.41162,
-0.806781,-0.318912,0.155699,0.616751,1.06394,1.49698,1.91555,2.31937,2.70814,3.08157,-2.84381,-2.50193,-2.17621,-1.86695,-1.57439,-1.29878,-1.04038,-0.799405,-0.576077,-0.370599,-0.183165,-0.0139509,0.136882,0.269186,0.382834,0.477713,0.553729,0.610807,0.648888,0.667894,0.667894,0.648888,0.610807,0.553729,0.477713,0.382834,0.269186,0.136882,-0.0139509,-0.183165,-0.370599,-0.576077,-0.799405,-1.04038,-1.29878,-1.57439,-1.86695,-2.17621,-2.50193,-2.84381,3.08157,2.70814,2.31937,1.91555,1.49698,1.06394,0.616751,0.155699,-0.318912,-0.806781,
-0.213227,0.279105,0.758124,1.22353,1.675,2.11224,2.53494,2.94279,-2.94769,-2.57044,-2.20892,-1.86343,-1.53428,-1.22169,-0.92595,-0.647327,-0.386065,-0.142401,0.0834408,0.291248,0.480822,0.65198,0.804556,0.938397,1.05337,1.14936,1.22627,1.28402,1.32255,1.34178,1.34178,1.32255,1.28402,1.22627,1.14936,1.05337,0.938397,0.804556,0.65198,0.480822,0.291248,0.0834408,-0.142401,-0.386065,-0.647327,-0.92595,-1.22169,-1.53428,-1.86343,-2.20892,-2.57044,-2.94769,2.94279,2.53494,2.11224,1.675,1.22353,0.758124,0.279105,-0.213227,
0.36873,0.865516,1.34894,1.81869,2.27444,2.71588,-3.14048,-2.72859,-2.33195,-1.95086,-1.58562,-1.23653,-0.903906,-0.587985,-0.289063,-0.00740802,0.256725,0.503091,0.731457,0.941605,1.13333,1.30644,1.46077,1.59616,1.71247,1.80958,1.88738,1.94581,1.98479,2.00425,2.00425,1.98479,1.94581,1.88738,1.80958,1.71247,1.59616,1.46077,1.30644,1.13333,0.941605,0.731457,0.503091,0.256725,-0.00740802,-0.289063,-0.587985,-0.903906,-1.23653,-1.58562,-1.95086,-2.33195,-2.72859,-3.14048,2.71588,2.27444,1.81869,1.34894,0.865516,0.36873,
0.938768,1.44,1.92781,2.4019,2.86192,-2.97562,-2.54467,-2.12875,-1.72817,-1.34324,-0.974277,-0.621585,-0.285483,0.033777,0.335892,0.620588,0.887601,1.13668,1.36758,1.58008,1.77396,1.94904,2.10513,2.24207,2.35972,2.45795,2.53666,2.59577,2.6352,2.65489,2.65489,2.6352,2.59577,2.53666,2.45795,2.35972,2.24207,2.10513,1.94904,1.77396,1.58008,1.36758,1.13668,0.887601,0.620588,0.335892,0.033777,-0.285483,-0.621585,-0.974277,-1.34324,-1.72817,-2.12875,-2.54467,-2.97562,2.86192,2.4019,1.92781,1.44,0.938768,
1.49656,2.00222,2.49441,2.97282,-2.84608,-2.39625,-1.96119,-1.54123,-1.13672,-0.747954,-0.375267,-0.0189702,0.320609,0.643211,0.948524,1.23627,1.50616,1.75796,1.9914,2.20625,2.40231,2.57935,2.73721,2.87571,2.9947,3.09406,-3.10951,-3.04972,-3.00982,-2.98991,-2.98991,-3.00982,-3.04972,-3.10951,3.09406,2.9947,2.87571,2.73721,2.57935,2.40231,2.20625,1.9914,1.75796,1.50616,1.23627,0.948524,0.643211,0.320609,-0.0189702,-0.375267,-0.747954,-1.13672,-1.54123,-1.96119,-2.39625,-2.84608,2.97282,2.49441,2.00222,1.49656,
2.04179,2.55184,3.04839,-2.75209,-2.28356,-1.82954,-1.39038,-0.966412,-0.557967,-0.165379,0.211026,0.570924,0.913978,1.23992,1.54843,1.83922,2.112,2.36652,2.6025,2.81972,3.01794,-3.08622,-2.92659,-2.78653,-2.66619,-2.5657,-2.48517,-2.4247,-2.38435,-2.36421,-2.36421,-2.38435,-2.4247,-2.48517,-2.5657,-2.66619,-2.78653,-2.92659,-3.08622,3.01794,2.81972,2.6025,2.36652,2.112,1.83922,1.54843,1.23992,0.913978,0.570924,0.211026,-0.165379,-0.557967,-0.966412,-1.39038,-1.82954,-2.28356,-2.75209,3.04839,2.55184,2.04179,
2.5741,3.08853,-2.69378,-2.20679,-1.73404,-1.27587,-0.832631,-0.404659,0.00769751,0.4041,0.784212,1.1477,1.49424,1.8235,2.13521,2.42904,2.70471,2.96194,-3.08272,-2.86314,-2.66275,-2.48175,-2.32035,-2.17873,-2.05703,-1.95541,-1.87397,-1.81281,-1.772,-1.75163,-1.75163,-1.772,-1.81281,-1.87397,-1.95541,-2.05703,-2.17873,-2.32035,-2.48175,-2.66275,-2.86314,-3.08272,2.96194,2.70471,2.42904,2.13521,1.8235,1.49424,1.1477,0.784212,0.4041,0.00769751,-0.404659,-0.832631,-1.27587,-1.73404,-2.20679,-2.69378,3.08853,2.5741,
3.09317,-2.67125,-2.16608,-1.67485,-1.19791,-0.735607,-0.288306,0.143644,0.559892,0.96009,1.34389,1.71096,2.06096,2.39354,2.70843,3.00529,-2.99934,-2.7394,-2.49833,-2.2764,-2.07383,-1.89086,-1.72769,-1.5845,-1.46146,-1.3587,-1.27635,-1.21451,-1.17324,-1.15264,-1.15264,-1.17324,-1.21451,-1.27635,-1.3587,-1.46146,-1.5845,-1.72769,-1.89086,-2.07383,-2.2764,-2.49833,-2.7394,-2.99934,3.00529,2.70843,2.39354,2.06096,1.71096,1.34389,0.96009,0.559892,0.143644,-0.288306,-0.735607,-1.19791,-1.67485,-2.16608,-2.67125,3.09317,
-2.68453,-2.16147,-1.65205,-1.15661,-0.675509,-0.209116,0.242212,0.678112,1.09822,1.50219,1.88967,2.26029,2.61373,2.94961,-3.01551,-2.71562,-2.43421,-2.17156,-1.92796,-1.70367,-1.49895,-1.31401,-1.14907,-1.00432,-0.879927,-0.77604,-0.692783,-0.630253,-0.588527,-0.567696,-0.567696,-0.588527,-0.630253,-0.692783,-0.77604,-0.879927,-1.00432,-1.14907,-1.31401,-1.49895,-1.70367,-1.92796,-2.17156,-2.43421,-2.71562,-3.01551,2.94961,2.61373,2.26029,1.88967,1.50219,1.09822,0.678112,0.242212,-0.209116,-0.675509,-1.15661,-1.65205,-2.16147,-2.68453,
-2.19297,-1.66567,-1.15204,-0.652436,-0.167225,0.303223,0.758539,1.19835,1.6223,2.03001,2.42112,2.79528,-3.13106,-2.79188,-2.47068,-2.16778,-1.88351,-1.61818,-1.37206,-1.14543,-0.938549,-0.751649,-0.584949,-0.438644,-0.31291,-0.207896,-0.123732,-0.0605197,-0.018337,0.00272285,0.00272285,-0.018337,-0.0605197,-0.123732,-0.207896,-0.31291,-0.438644,-0.584949,-0.751649,-0.938549,-1.14543,-1.37206,-1.61818,-1.88351,-2.16778,-2.47068,-2.79188,-3.13106,2.79528,2.42112,2.03001,1.6223,1.19835,0.758539,0.303223,-0.167225,-0.652436,-1.15204,-1.66567,-2.19297,
-1.71568,-1.1842,-0.666417,-0.162701,0.326573,0.801029,1.26029,1.70398,2.13171,2.54313,2.93784,-2.96769,-2.60745,-2.26502,-1.94068,-1.63481,-1.34771,-1.0797,-0.831081,-0.602128,-0.393105,-0.204256,-0.0358049,0.112046,0.239117,0.345251,0.430317,0.494209,0.536846,0.558133,0.558133,0.536846,0.494209,0.430317,0.345251,0.239117,0.112046,-0.0358049,-0.204256,-0.393105,-0.602128,-0.831081,-1.0797,-1.34771,-1.63481,-1.94068,-2.26502,-2.60745,-2.96769,2.93784,2.54313,2.13171,1.70398,1.26029,0.801029,0.326573,-0.162701,-0.666417,-1.1842,-1.71568,
-1.25301,-0.71741,-0.195536,0.312231,0.805512,1.28392,1.74707,2.19458,2.62607,3.04114,-2.84377,-2.46265,-2.09907,-1.75339,-1.42598,-1.11715,-0.827248,-0.556594,-0.305493,-0.074234,0.136913,0.327696,0.497884,0.64727,0.775667,0.882914,0.968876,1.03344,1.07653,1.09804,1.09804,1.07653,1.03344,0.968876,0.882914,0.775667,0.64727,0.497884,0.327696,0.136913,-0.074234,-0.305493,-0.556594,-0.827248,-1.11715,-1.42598,-1.75339,-2.09907,-2.46265,-2.84377,3.04114,2.62607,2.19458,1.74707,1.28392,0.805512,0.312231,-0.195536,-0.71741,-1.25301,
-0.805303,-0.265653,0.26024,0.771992,1.26921,1.75151,2.2185,2.66977,3.10495,-2.75956,-2.35776,-1.97323,-1.60634,-1.25748,-0.927014,-0.615264,-0.322589,-0.0493171,0.204237,0.437778,0.651027,0.843724,1.01563,1.16654,1.29625,1.4046,1.49145,1.55668,1.60022,1.62196,1.62196,1.60022,1.55668,1.49145,1.4046,1.29625,1.16654,1.01563,0.843724,0.651027,0.437778,0.204237,-0.0493171,-0.322589,-0.615264,-0.927014,-1.25748,-1.60634,-1.97323,-2.35776,-2.75956,3.10495,2.66977,2.2185,1.75151,1.26921,0.771992,0.26024,-0.265653,-0.805303,
-0.372902,0.170716,0.700552,1.21621,1.7173,2.20342,2.67417,3.12915,-2.71523,-2.293,-1.88774,-1.49985,-1.12971,-0.777707,-0.444231,-0.129603,0.165807,0.441661,0.697637,0.93343,1.14875,1.34334,1.51695,1.66936,1.80037,1.90981,1.99753,2.06343,2.10741,2.12937,2.12937,2.10741,2.06343,1.99753,1.90981,1.80037,1.66936,1.51695,1.34334,1.14875,0.93343,0.697637,0.441661,0.165807,-0.129603,-0.444231,-0.777707,-1.12971,-1.49985,-1.88774,-2.293,-2.71523,3.12915,2.67417,2.20342,1.7173,1.21621,0.700552,0.170716,-0.372902,
0.0438479,0.591348,1.12504,1.64453,2.14941,2.63927,3.11371,-2.71087,-2.2685,-1.84279,-1.43414,-1.04295,-0.66961,-0.314521,0.0219169,0.339376,0.637476,0.915871,1.17423,1.41224,1.62961,1.82606,2.00135,2.15523,2.28752,2.39804,2.48663,2.55318,2.59759,2.61977,2.61977,2.59759,2.55318,2.48663,2.39804,2.28752,2.15523,2.00135,1.82606,1.62961,1.41224,1.17423,0.915871,0.637476,0.339376,0.0219169,-0.314521,-0.66961,-1.04295,-1.43414,-1.84279,-2.2685,-2.71087,3.11371,2.63927,2.14941,1.64453,1.12504,0.591348,0.0438479,
0.444608,0.995893,1.53335,2.05657,2.56515,3.05867,-2.74647,-2.28431,-1.83847,-1.40935,-0.997369,-0.602942,-0.226474,0.131637,0.470979,0.791215,1.09195,1.37284,1.63354,1.87373,2.09311,2.29139,2.46832,2.62367,2.75721,2.86878,2.95823,3.02542,3.07026,3.09265,3.09265,3.07026,3.02542,2.95823,2.86878,2.75721,2.62367,2.46832,2.29139,2.09311,1.87373,1.63354,1.37284,1.09195,0.791215,0.470979,0.131637,-0.226474,-0.602942,-0.997369,-1.40935,-1.83847,-2.28431,-2.74647,3.05867,2.56515,2.05657,1.53335,0.995893,0.444608,
0.829043,1.38401,1.92513,2.45198,2.96416,-2.82194,-2.34038,-1.87476,-1.42552,-0.993076,-0.577852,-0.180268,0.19926,0.560325,0.902507,1.22546,1.52878,1.81211,2.0751,2.31742,2.53877,2.73884,2.91739,3.07415,-3.07425,-2.96164,-2.87137,-2.80355,-2.75829,-2.73568,-2.73568,-2.75829,-2.80355,-2.87137,-2.96164,-3.07425,3.07415,2.91739,2.73884,2.53877,2.31742,2.0751,1.81211,1.52878,1.22546,0.902507,0.560325,0.19926,-0.180268,-0.577852,-0.993076,-1.42552,-1.87476,-2.34038,-2.82194,2.96416,2.45198,1.92513,1.38401,0.829043,
1.19682,1.75535,2.30002,2.83041,-2.9371,-2.43656,-1.95159,-1.48261,-1.03006,-0.594385,-0.176002,0.224655,0.607163,0.971105,1.31605,1.64165,1.94749,2.2332,2.49843,2.74283,2.9661,-3.11526,-2.93514,-2.77698,-2.64099,-2.52737,-2.43628,-2.36785,-2.32218,-2.29937,-2.29937,-2.32218,-2.36785,-2.43628,-2.52737,-2.64099,-2.77698,-2.93514,-3.11526,2.9661,2.74283,2.49843,2.2332,1.94749,1.64165,1.31605,0.971105,0.607163,0.224655,-0.176002,-0.594385,-1.03006,-1.48261,-1.95159,-2.43656,-2.9371,2.83041,2.30002,1.75535,1.19682,
1.54762,2.1096,2.6577,-3.09169,-2.57264,-2.06875,-1.58047,-1.10823,-0.652488,-0.213674,0.20777,0.611408,0.996808,1.36354,1.7112,2.03935,2.34763,2.63566,2.90306,-3.1337,-2.90856,-2.70503,-2.52338,-2.36386,-2.2267,-2.1121,-2.02021,-1.95118,-1.90511,-1.8821,-1.8821,-1.90511,-1.95118,-2.02021,-2.1121,-2.2267,-2.36386,-2.52338,-2.70503,-2.90856,-3.1337,2.90306,2.63566,2.34763,2.03935,1.7112,1.36354,0.996808,0.611408,0.20777,-0.213674,-0.652488,-1.10823,-1.58047,-2.06875,-2.57264,-3.09169,2.6577,2.1096,1.54762,
1.88111,2.44641,2.99782,-2.74829,-2.22597,-1.71886,-1.22739,-0.752012,-0.293179,0.148662,0.573064,0.979583,1.36778,1.73722,2.08747,2.41811,2.72876,3.01903,-2.99465,-2.74626,-2.51932,-2.31413,-2.131,-1.97016,-1.83187,-1.7163,-1.62365,-1.55404,-1.50758,-1.48437,-1.48437,-1.50758,-1.55404,-1.62365,-1.7163,-1.83187,-1.97016,-2.131,-2.31413,-2.51932,-2.74626,-2.99465,3.01903,2.72876,2.41811,2.08747,1.73722,1.36778,0.979583,0.573064,0.148662,-0.293179,-0.752012,-1.22739,-1.71886,-2.22597,-2.74829,2.99782,2.44641,1.88111,
2.197,2.76548,-2.96313,-2.4229,-1.89745,-1.38724,-0.892709,-0.414315,0.0474865,0.492239,0.919487,1.32878,1.71966,2.0917,2.44446,2.77749,3.09043,-2.90032,-2.62879,-2.3785,-2.14981,-1.94304,-1.75846,-1.59636,-1.45696,-1.34048,-1.24708,-1.17691,-1.13007,-1.10668,-1.10668,-1.13007,-1.17691,-1.24708,-1.34048,-1.45696,-1.59636,-1.75846,-1.94304,-2.14981,-2.3785,-2.62879,-2.90032,3.09043,2.77749,2.44446,2.0917,1.71966,1.32878,0.919487,0.492239,0.0474865,-0.414315,-0.892709,-1.38724,-1.89745,-2.4229,-2.96313,2.76548,2.197,
2.49498,3.0665,-2.65909,-2.11585,-1.58741,-1.07424,-0.576779,-0.0954973,0.369145,0.816683,1.24666,1.6586,2.05207,2.4266,2.78176,3.11709,-2.85096,-2.55646,-2.28297,-2.03087,-1.80051,-1.5922,-1.40624,-1.24292,-1.10247,-0.985092,-0.890978,-0.820266,-0.773067,-0.749495,-0.749495,-0.773067,-0.820266,-0.890978,-0.985092,-1.10247,-1.24292,-1.40624,-1.5922,-1.80051,-2.03087,-2.28297,-2.55646,-2.85096,3.11709,2.78176,2.4266,2.05207,1.6586,1.24666,0.816683,0.369145,-0.0954973,-0.576779,-1.07424,-1.58741,-2.11585,-2.65909,3.0665,2.49498,
2.77477,-2.93401,-2.37354,-1.82744,-1.29617,-0.780177,-0.279933,0.204096,0.671442,1.12163,1.5542,1.96868,2.3646,2.74151,3.09896,-2.84669,-2.52947,-2.23299,-1.95764,-1.7038,-1.47183,-1.26206,-1.07479,-0.910295,-0.76883,-0.650607,-0.555808,-0.484581,-0.437036,-0.41329,-0.41329,-0.437036,-0.484581,-0.555808,-0.650607,-0.76883,-0.910295,-1.07479,-1.26206,-1.47183,-1.7038,-1.95764,-2.23299,-2.52947,-2.84669,3.09896,2.74151,2.3646,1.96868,1.5542,1.12163,0.671442,0.204096,-0.279933,-0.780177,-1.29617,-1.82744,-2.37354,-2.93401,2.77477,
3.03609,-2.66997,-2.10678,-1.55798,-1.02402,-0.505371,-0.00249379,0.484136,0.954041,1.40675,1.84177,2.25865,2.6569,3.03607,-2.88749,-2.54788,-2.22868,-1.93031,-1.6532,-1.39771,-1.16421,-0.953048,-0.764523,-0.598922,-0.456496,-0.337465,-0.242015,-0.170296,-0.122423,-0.0985125,-0.0985125,-0.122423,-0.170296,-0.242015,-0.337465,-0.456496,-0.598922,-0.764523,-0.953048,-1.16421,-1.39771,-1.6532,-1.93031,-2.22868,-2.54788,-2.88749,3.03607,2.6569,2.25865,1.84177,1.40675,0.954041,0.484136,-0.00249379,-0.505371,-1.02402,-1.55798,-2.10678,-2.66997,3.03609,
-3.0045,-2.42483,-1.85909,-1.30775,-0.771274,-0.25012,0.255234,0.744308,1.21662,1.67169,2.10903,2.52817,2.92861,-2.97328,-2.61161,-2.27004,-1.94896,-1.64882,-1.37003,-1.11299,-0.878055,-0.665575,-0.475866,-0.309216,-0.165881,-0.0460869,0.0499783,0.122161,0.170345,0.194411,0.194411,0.170345,0.122161,0.0499783,-0.0460869,-0.165881,-0.309216,-0.475866,-0.665575,-0.878055,-1.11299,-1.37003,-1.64882,-1.94896,-2.27004,-2.61161,-2.97328,2.92861,2.52817,2.10903,1.67169,1.21662,0.744308,0.255234,-0.25012,-0.771274,-1.30775,-1.85909,-2.42483,-3.0045,
-2.78088,-2.19883,-1.63072,-1.07702,-0.53819,-0.0147025,0.492961,0.984317,1.45888,1.91616,2.35566,2.7769,-3.10378,-2.7205,-2.35692,-2.0135,-1.69067,-1.38887,-1.10852,-0.850018,-0.613736,-0.400024,-0.209204,-0.0415708,0.102615,0.223126,0.319769,0.392387,0.440863,0.465075,0.465075,0.440863,0.392387,0.319769,0.223126,0.102615,-0.0415708,-0.209204,-0.400024,-0.613736,-0.850018,-1.10852,-1.38887,-1.69067,-2.0135,-2.35692,-2.7205,-3.10378,2.7769,2.35566,1.91616,1.45888,0.984317,0.492961,-0.0147025,-0.53819,-1.07702,-1.63072,-2.19883,-2.78088,
-2.57646,-1.99222,-1.42192,-0.866032,-0.325027,0.200618,0.710419,1.20389,1.68053,2.13985,2.58136,3.00456,-2.87422,-2.4891,-2.12373,-1.77861,-1.45415,-1.15081,-0.869009,-0.609149,-0.371613,-0.156755,0.0350968,0.203645,0.348624,0.469802,0.566982,0.640005,0.688752,0.7131,0.7131,0.688752,0.640005,0.566982,0.469802,0.348624,0.203645,0.0350968,-0.156755,-0.371613,-0.609149,-0.869009,-1.15081,-1.45415,-1.77861,-2.12373,-2.4891,-2.87422,3.00456,2.58136,2.13985,1.68053,1.20389,0.710419,0.200618,-0.325027,-0.866032,-1.42192,-1.99222,-2.57646,
-2.39146,-1.8052,-1.2329,-0.675014,-0.132019,0.395602,0.907361,1.40276,1.88132,2.34251,2.78586,-3.07233,-2.66617,-2.27936,-1.91236,-1.56565,-1.23971,-0.934952,-0.651813,-0.390705,-0.152015,0.0638984,0.256702,0.426093,0.571803,0.693595,0.79127,0.864668,0.913665,0.938138,0.938138,0.913665,0.864668,0.79127,0.693595,0.571803,0.426093,0.256702,0.0638984,-0.152015,-0.390705,-0.651813,-0.934952,-1.23971,-1.56565,-1.91236,-2.27936,-2.66617,-3.07233,2.78586,2.34251,1.88132,1.40276,0.907361,0.395602,-0.132019,-0.675014,-1.2329,-1.8052,-2.39146,
-2.22606,-1.63799,-1.06387,-0.504177,0.0406183,0.570028,1.08356,1.58072,2.061,2.5239,2.96892,-2.88764,-2.4799,-2.09155,-1.72307,-1.37493,-1.04763,-0.74158,-0.457224,-0.19498,0.0447621,0.261637,0.455307,0.625467,0.771842,0.894195,0.992322,1.06606,1.11529,1.13987,1.13987,1.11529,1.06606,0.992322,0.894195,0.771842,0.625467,0.455307,0.261637,0.0447621,-0.19498,-0.457224,-0.74158,-1.04763,-1.37493,-1.72307,-2.09155,-2.4799,-2.88764,2.96892,2.5239,2.061,1.58072,1.08356,0.570028,0.0406183,-0.504177,-1.06387,-1.63799,-2.22606,
-2.08043,-1.49075,-0.915013,-0.353705,0.192696,0.723703,1.23882,1.73754,2.21937,2.68379,3.1303,-2.7248,-2.31564,-1.92591,-1.55609,-1.20668,-0.878159,-0.570946,-0.285498,-0.0222328,0.218454,0.436193,0.630643,0.801494,0.948468,1.07132,1.16986,1.2439,1.29333,1.31803,1.31803,1.29333,1.2439,1.16986,1.07132,0.948468,0.801494,0.630643,0.436193,0.218454,-0.0222328,-0.285498,-0.570946,-0.878159,-1.20668,-1.55609,-1.92591,-2.31564,-2.7248,3.1303,2.68379,2.21937,1.73754,1.23882,0.723703,0.192696,-0.353705,-0.915013,-1.49075,-2.08043,
-1.95473,-1.36363,-0.786481,-0.223761,0.324048,0.856455,1.37296,1.87306,2.35624,2.822,-3.01336,-2.58399,-2.17358,-1.78263,-1.41164,-1.0611,-0.731507,-0.42327,-0.136856,0.127311,0.368833,0.587337,0.782477,0.95394,1.10144,1.22475,1.32364,1.39796,1.44757,1.47235,1.47235,1.44757,1.39796,1.32364,1.22475,1.10144,0.95394,0.782477,0.587337,0.368833,0.127311,-0.136856,-0.42327,-0.731507,-1.0611,-1.41164,-1.78263,-2.17358,-2.58399,-3.01336,2.822,2.35624,1.87306,1.37296,0.856455,0.324048,-0.223761,-0.786481,-1.36363,-1.95473,
-1.84907,-1.25676,-0.678408,-0.11448,0.434535,0.968141,1.48584,1.98712,2.47147,2.93838,-2.89586,-2.46538,-2.05389,-1.6619,-1.2899,-0.938384,-0.607855,-0.298732,-0.0114829,0.253466,0.495713,0.714879,0.910618,1.08261,1.23058,1.35427,1.45348,1.52803,1.5778,1.60266,1.60266,1.5778,1.52803,1.45348,1.35427,1.23058,1.08261,0.910618,0.714879,0.495713,0.253466,-0.0114829,-0.298732,-0.607855,-0.938384,-1.2899,-1.6619,-2.05389,-2.46538,-2.89586,2.93838,2.47147,1.98712,1.48584,0.968141,0.434535,-0.11448,-0.678408,-1.25676,-1.84907,
-1.76357,-1.17026,-0.590904,-0.0259736,0.524041,1.05864,1.57733,2.07959,2.56492,3.03279,-2.80051,-2.3691,-1.95671,-1.56384,-1.19099,-0.838656,-0.507343,-0.197474,0.0904791,0.356088,0.598946,0.818673,1.01492,1.18736,1.33572,1.45974,1.55921,1.63397,1.68387,1.7088,1.7088,1.68387,1.63397,1.55921,1.45974,1.33572,1.18736,1.01492,0.818673,0.598946,0.356088,0.0904791,-0.197474,-0.507343,-0.838656,-1.19099,-1.56384,-1.95671,-2.3691,-2.80051,3.03279,2.56492,2.07959,1.57733,1.05864,0.524041,-0.0259736,-0.590904,-1.17026,-1.76357,
-1.6983,-1.1042,-0.52405,0.0416746,0.592484,1.12788,1.64736,2.1504,2.6365,3.10514,-2.7274,-2.29525,-1.88213,-1.48855,-1.11502,-0.76202,-0.430071,-0.119597,0.168929,0.435182,0.678542,0.898729,1.09539,1.26821,1.41688,1.54118,1.64087,1.71579,1.76581,1.79079,1.79079,1.76581,1.71579,1.64087,1.54118,1.41688,1.26821,1.09539,0.898729,0.678542,0.435182,0.168929,-0.119597,-0.430071,-0.76202,-1.11502,-1.48855,-1.88213,-2.29525,-2.7274,3.10514,2.6365,2.1504,1.64736,1.12788,0.592484,0.0416746,-0.52405,-1.1042,-1.6983,
-1.65331,-1.05863,-0.477901,0.0884092,0.639805,1.17579,1.69585,2.19948,2.68617,-3.12781,-2.67659,-2.24388,-1.83011,-1.43599,-1.06192,-0.708416,-0.375976,-0.0650329,0.223939,0.490504,0.734251,0.954796,1.15178,1.32488,1.47381,1.59832,1.69818,1.77323,1.82334,1.84836,1.84836,1.82334,1.77323,1.69818,1.59832,1.47381,1.32488,1.15178,0.954796,0.734251,0.490504,0.223939,-0.0650329,-0.375976,-0.708416,-1.06192,-1.43599,-1.83011,-2.24388,-2.67659,-3.12781,2.68617,2.19948,1.69585,1.17579,0.639805,0.0884092,-0.477901,-1.05863,-1.65331,
-1.62864,-1.03359,-0.452484,0.114203,0.66598,1.20235,1.72279,2.22681,2.71399,-3.09959,-2.64799,-2.2149,-1.80085,-1.40635,-1.03193,-0.678066,-0.345284,-0.0340119,0.255274,0.522136,0.766162,0.986963,1.18418,1.35749,1.50661,1.63127,1.73126,1.8064,1.85657,1.88163,1.88163,1.85657,1.8064,1.73126,1.63127,1.50661,1.35749,1.18418,0.986963,0.766162,0.522136,0.255274,-0.0340119,-0.345284,-0.678066,-1.03193,-1.40635,-1.80085,-2.2149,-2.64799,-3.09959,2.71399,2.22681,1.72279,1.20235,0.66598,0.114203,-0.452484,-1.03359,-1.62864,
-1.62427,-1.02907,-0.447797,0.11906,0.671119,1.20767,1.72831,2.23252,2.71979,-3.09359,-2.64178,-2.20849,-1.79424,-1.39954,-1.0249,-0.670842,-0.337861,-0.0263929,0.263082,0.530125,0.774322,0.995284,1.19265,1.3661,1.51533,1.64009,1.74016,1.81537,1.86558,1.89066,1.89066,1.86558,1.81537,1.74016,1.64009,1.51533,1.3661,1.19265,0.995284,0.774322,0.530125,0.263082,-0.0263929,-0.337861,-0.670842,-1.0249,-1.39954,-1.79424,-2.20849,-2.64178,-3.09359,2.71979,2.23252,1.72831,1.20767,0.671119,0.11906,-0.447797,-1.02907,-1.62427,
-1.64009,-1.04493,-0.463694,0.103134,0.655064,1.1916,1.71223,2.21644,2.70371,-3.10966,-2.65783,-2.2245,-1.81021,-1.41547,-1.04078,-0.686663,-0.353619,-0.0420848,0.247459,0.514573,0.75884,0.979871,1.1773,1.35081,1.5001,1.62491,1.72502,1.80026,1.85049,1.87558,1.87558,1.85049,1.80026,1.72502,1.62491,1.5001,1.35081,1.1773,0.979871,0.75884,0.514573,0.247459,-0.0420848,-0.353619,-0.686663,-1.04078,-1.41547,-1.81021,-2.2245,-2.65783,-3.10966,2.70371,2.21644,1.71223,1.1916,0.655064,0.103134,-0.463694,-1.04493,-1.64009,
-1.67623,-1.08132,-0.500328,0.0662656,0.617971,1.15429,1.67472,2.17874,2.66583,3.13548,-2.69602,-2.26283,-1.84866,-1.45403,-1.07944,-0.725397,-0.392421,-0.0809421,0.208558,0.475638,0.719882,0.940897,1.13832,1.31182,1.46111,1.58592,1.68603,1.76128,1.81151,1.83661,1.83661,1.81151,1.76128,1.68603,1.58592,1.46111,1.31182,1.13832,0.940897,0.719882,0.475638,0.208558,-0.0809421,-0.392421,-0.725397,-1.07944,-1.45403,-1.84866,-2.26283,-2.69602,3.13548,2.66583,2.17874,1.67472,1.15429,0.617971,0.0662656,-0.500328,-1.08132,-1.67623,
-1.73252,-1.13806,-0.55751,0.00865372,0.559942,1.09586,1.6159,2.11954,2.60629,3.0756,-2.75622,-2.32333,-1.90943,-1.51505,-1.14069,-0.786862,-0.454074,-0.142762,0.146591,0.413544,0.657678,0.8786,1.07595,1.24939,1.39862,1.52339,1.62348,1.6987,1.74892,1.77401,1.77401,1.74892,1.6987,1.62348,1.52339,1.39862,1.24939,1.07595,0.8786,0.657678,0.413544,0.146591,-0.142762,-0.454074,-0.786862,-1.14069,-1.51505,-1.90943,-2.32333,-2.75622,3.0756,2.60629,2.11954,1.6159,1.09586,0.559942,0.00865372,-0.55751,-1.13806,-1.73252,
-1.80885,-1.21504,-0.63512,-0.0695757,0.48111,1.01644,1.53591,2.03902,2.52524,2.99405,-2.83824,-2.40579,-1.99231,-1.59832,-1.22432,-0.870816,-0.538326,-0.227281,0.0618333,0.328576,0.572527,0.793293,0.990506,1.16384,1.31298,1.43768,1.53771,1.61289,1.66308,1.68816,1.68816,1.66308,1.61289,1.53771,1.43768,1.31298,1.16384,0.990506,0.793293,0.572527,0.328576,0.0618333,-0.227281,-0.538326,-0.870816,-1.22432,-1.59832,-1.99231,-2.40579,-2.83824,2.99405,2.52524,2.03902,1.53591,1.01644,0.48111,-0.0695757,-0.63512,-1.21504,-1.80885,
-1.90509,-1.31211,-0.733009,-0.168265,0.38164,0.916212,1.43495,1.93734,2.42288,2.89105,-2.94185,-2.50999,-2.09705,-1.70357,-1.33003,-0.976963,-0.644863,-0.334171,-0.04537,0.221096,0.464806,0.685363,0.882401,1.05558,1.20461,1.32921,1.42916,1.50429,1.55445,1.57951,1.57951,1.55445,1.50429,1.42916,1.32921,1.20461,1.05558,0.882401,0.685363,0.464806,0.221096,-0.04537,-0.334171,-0.644863,-0.976963,-1.33003,-1.70357,-2.09705,-2.50999,-2.94185,2.89105,2.42288,1.93734,1.43495,0.916212,0.38164,-0.168265,-0.733009,-1.31211,-1.90509,
