298,130,329,175,30,253,125,6,257,157,67,347,276,215,163,119,84,58,39,27,
220,50,247,92,305,167,38,279,169,69,339,259,189,128,77,35,1,336,319,309,
149,337,173,16,228,89,319,199,89,349,259,179,109,49,359,318,286,262,246,238,
85,272,106,309,160,19,249,128,17,277,187,107,38,338,289,249,218,195,181,174,
30,216,48,250,99,318,187,65,314,213,123,44,335,276,228,189,159,138,124,119,
343,168,359,200,48,266,134,12,261,160,70,350,282,224,176,138,109,89,77,72,
306,129,320,159,7,224,91,329,217,116,26,307,239,181,134,96,68,49,38,34,
277,99,290,128,335,192,59,296,184,83,353,274,206,149,102,65,37,19,8,6,
258,80,269,107,314,171,37,274,162,61,331,252,184,127,80,44,17,358,349,347,
248,70,259,97,304,160,26,263,151,49,319,240,173,116,69,33,6,348,339,337,
248,70,259,97,304,160,26,263,151,49,319,240,173,116,69,33,6,348,339,337,
258,80,269,107,314,171,37,274,162,61,331,252,184,127,80,44,17,358,349,347,
277,99,290,128,335,192,59,296,184,83,353,274,206,149,102,65,37,19,8,6,
306,129,320,159,7,224,91,329,217,116,26,307,239,181,134,96,68,49,38,34,
343,168,359,200,48,266,134,12,261,160,70,350,282,224,176,138,109,89,77,72,
30,216,48,250,99,318,187,65,314,213,123,44,335,276,228,189,159,138,124,119,
85,272,106,309,160,19,249,128,17,277,187,107,38,338,289,249,218,195,181,174,
149,337,173,16,228,89,319,199,89,349,259,179,109,49,359,318,286,262,246,238,
220,50,247,92,305,167,38,279,169,69,339,259,189,128,77,35,1,336,319,309,
298,130,329,175,30,253,125,6,257,157,67,347,276,215,163,119,84,58,39,27,
